31
0 0 1 10
0 1 0
0 2 0
0 3 0
0 4 0
0 5 0
0 6 0
0 7 0
0 8 0
0 9 0
0 + 8 12
1 0 1
1 1 1
1 2 1
1 3 2
1 4 1
1 5 1
1 6 1
1 7 1
1 8 1
1 9 1
1 + 1
2 0 3
2 1 4
2 2 5
2 3 6
2 4 7
2 5 2
2 6 2
2 7 2
2 8 2
2 9 2
2 + 2
3 0 24
3 1 24
3 2 24
3 3 24
3 4 24
3 5 24
3 6 24
3 7 24
3 8 24
3 9 24
3 + 3
4 0 24
4 1 24
4 2 24
4 3 24
4 4 24
4 5 24
4 6 24
4 7 24
4 8 4
4 9 4
4 + 4
5 0 24
5 1 24
5 2 24
5 3 24
5 4 24
5 5 5
5 6 5
5 7 5
5 8 5
5 9 5
5 + 5
6 0 24
6 1 24
6 2 24
6 3 24
6 4 24
6 5 24
6 6 24
6 7 24
6 8 6
6 9 6
6 + 6
7 0 24
7 1 24
7 2 24
7 3 24
7 4 24
7 5 24
7 6 24
7 7 24
7 8 24
7 9 24
7 + 7
8 0 8
8 1 8
8 2 8
8 3 8
8 4 8
8 5 8
8 6 8
8 7 8
8 8 8
8 9 9
8 + 8
9 0 9
9 1 9
9 2 1
9 3 9
9 4 9
9 5 9
9 6 9
9 7 9
9 8 9
9 9 9
9 + 9
10 0 10
10 1 10
10 2 10
10 3 10
10 4 10
10 5 10
10 6 10
10 7 11
10 8 10
10 9 10
10 + 10
11 0 14
11 1 15
11 2 16
11 3 17
11 4 18
11 5 19
11 6 20
11 7 21
11 8 22
11 9 23
11 + 11
12 0 12
12 1 12
12 2 12
12 3 12
12 4 12
12 5 12
12 6 12
12 7 12
12 8 12
12 9 13
12 + 12
13 0 13
13 1 13
13 2 13
13 3 10
13 4 13
13 5 13
13 6 13
13 7 13
13 8 13
13 9 13
13 + 13
14 0 25
14 1 25
14 2 25
14 3 25
14 4 25
14 5 25
14 6 25
14 7 25
14 8 25
14 9 25
14 + 14
15 0 25
15 1 25
15 2 25
15 3 25
15 4 25
15 5 25
15 6 25
15 7 25
15 8 25
15 9 25
15 + 15
16 0 25
16 1 25
16 2 25
16 3 25
16 4 25
16 5 25
16 6 25
16 7 25
16 8 25
16 9 25
16 + 16
17 0 25
17 1 25
17 2 25
17 3 25
17 4 25
17 5 25
17 6 25
17 7 25
17 8 25
17 9 25
17 + 17
18 0 25
18 1 25
18 2 25
18 3 25
18 4 25
18 5 25
18 6 25
18 7 25
18 8 25
18 9 25
18 + 18
19 0 25
19 1 25
19 2 25
19 3 25
19 4 25
19 5 25
19 6 25
19 7 25
19 8 25
19 9 25
19 + 19
20 0 25
20 1 25
20 2 25
20 3 25
20 4 25
20 5 25
20 6 25
20 7 25
20 8 25
20 9 25
20 + 20
21 0 25
21 1 25
21 2 25
21 3 25
21 4 25
21 5 25
21 6 25
21 7 25
21 8 25
21 9 25
21 + 21
22 0 25
22 1 25
22 2 25
22 3 25
22 4 25
22 5 25
22 6 25
22 7 25
22 8 25
22 9 25
22 + 22
23 0 25
23 1 25
23 2 25
23 3 25
23 4 25
23 5 25
23 6 25
23 7 25
23 8 25
23 9 25
23 + 23
24 0 25
24 1 25
24 2 25
24 3 25
24 4 25
24 5 25
24 6 25
24 7 25
24 8 25
24 9 25
24 + 24
25 0 26
25 1 26
25 2 26
25 3 26
25 4 26
25 5 26
25 6 26
25 7 26
25 8 26
25 9 26
25 + 25
26 0 27
26 1 27
26 2 27
26 3 27
26 4 27
26 5 27
26 6 27
26 7 27
26 8 27
26 9 27
26 + 26
27 0 28
27 1 28
27 2 28
27 3 28
27 4 28
27 5 28
27 6 28
27 7 28
27 8 28
27 9 28
27 + 27
28 0 29
28 1 29
28 2 29
28 3 29
28 4 29
28 5 29
28 6 29
28 7 29
28 8 29
28 9 29
28 + 28
29 0 30
29 1 30
29 2 30
29 3 30
29 4 30
29 5 30
29 6 30
29 7 30
29 8 30
29 9 30
29 + 29
30 0 31
30 1 31
30 2 31
30 3 31
30 4 31
30 5 31
30 6 31
30 7 31
30 8 31
30 9 31
30 + 30
31 0 0
31 1 0
31 2 0
31 3 0
31 4 0
31 5 0
31 6 0
31 7 0
31 8 0
31 9 0
31 + 0